#data.py
# GMT Mon Oct 10 11:03:33 2022
# 
0 25 54 67 72 82 92 93 99 130 230 234 262 300 310 317 322 324 354 358 363 370 377 399 444 452 453 475 486
1 78 82 102 103 118 123 134 143 157 198 220 227 271 292 307 315 333 386 417 434 445 446 474 494
2 8 26 86 102 133 157 160 176 192 195 209 215 346 347 348 354 376 389 392 402 445 499
3 17 102 136 151 152 164 237 265 285 286 308 350 361 368 383 466 475 479 492
4 15 41 53 55 57 76 99 125 161 165 211 256 266 278 284 326 330 334 363 478 483
5 22 38 74 92 94 104 108 128 129 178 237 239 256 258 284 291 298 323 341 358 361 370 384 414 449 459 468 474
6 17 84 89 94 105 139 174 190 200 206 244 248 301 314 332 333 337 390 394 409 452 481 483 488 490
7 28 64 82 104 133 167 227 237 243 267 268 279 298 307 335 344 347 371 396 415 429 489
8 42 45 83 96 120 127 181 184 193 240 269 320 326 352 360 363 447 451 456
9 27 34 38 83 109 142 163 182 184 187 201 220 264 283 291 292 300 314 349 373 422 484 485 486
10 33 57 61 74 104 119 145 174 192 215 243 262 273 289 323 366 394 395 418 421 451 465 467
11 109 126 170 182 221 241 247 258 282 302 331 406 412 442 468
12 24 39 82 90 95 103 123 138 147 151 158 159 161 168 237 249 261 273 284 345 351 359 361 429 434 447 495
13 27 41 42 49 87 107 111 195 224 228 238 255 269 275 286 294 315 330 353 362 366 402 423 426 450 454 460 466 470 484 486
14 17 22 24 43 51 73 93 94 99 103 167 178 195 200 247 251 269 270 382 386 389 405 437 456 459 465 478
15 31 77 174 202 233 273 276 279 300 324 330 367 384 401 404 424 438 448 470
16 18 27 45 58 88 100 129 139 158 167 179 205 211 212 279 307 362 385 413 421 468 477 489 499
17 59 76 137 151 156 199 264 270 271 308 350 365 366 367 372 375 442 448 460 469
18 75 82 109 118 151 158 170 184 201 208 224 226 229 230 247 251 282 307 324 333 340 387 413 418 425 462 477
19 43 46 76 87 89 129 130 191 210 279 287 290 303 310 344 356 362 437 440 490
20 31 64 112 125 141 163 174 201 211 230 252 275 281 291 307 399 406 413 438 449 460 463
21 23 24 45 85 91 95 133 165 217 232 296 313 345 363 374 385 433 477 483 492
22 31 34 35 55 56 70 101 136 150 187 235 257 322 340 344 351 352 402 432 433 440 448 452 460 471 485
23 28 54 98 157 167 174 254 275 286 295 296 303 325 328 345 391 394 401 463
24 59 71 75 108 182 193 204 206 209 231 238 256 302 307 323 330 340 346 347 348 352 366 376 377 403 405 414 416 444
25 30 72 91 109 113 115 121 126 147 220 281 290 303 326 330 340 373 409 470 476 496 497
26 30 31 35 36 52 101 161 177 179 182 186 190 191 192 199 200 202 236 255 276 278 279 286 318 326 338 396 404 422 445 479
27 28 38 49 62 66 108 118 123 126 138 142 154 168 190 193 194 204 220 232 256 283 304 315 343 344 353 384 393 406 458 460 469 473 482 494 497
28 30 47 82 89 90 106 163 186 191 208 213 231 232 238 316 327 333 338 364 392 406 426 442 455 478 494 496
29 42 47 75 102 104 110 141 210 222 268 301 310 321 343 383 390 395 416 417
30 57 59 75 94 109 116 118 144 146 206 214 239 259 274 301 305 326 331 333 409 433 446 463 468
31 55 166 213 246 257 279 304 311 326 327 390 404 429 469 485
32 45 74 77 99 105 108 147 182 185 197 208 270 301 306 319 325 367 372 384 400 409 419 423 442 488 499
33 35 49 70 81 100 129 137 145 150 158 167 174 175 180 185 201 244 292 302 313 318 319 326 343 344 348 352 357 377 394 425 437 445 468 476 485
34 45 59 68 80 81 117 160 161 187 191 221 231 239 261 266 270 295 321 324 340 342 383 452 480 494
35 52 65 69 78 110 157 158 206 212 216 219 220 229 233 240 242 251 272 279 281 316 331 339 350 351 354 388 390
36 72 112 136 138 164 185 201 204 207 241 282 306 328 346 367 387 397 407 438 440 442 443 458
37 54 55 61 90 107 110 132 202 204 245 248 271 318 354 387 398 417 454 482
38 123 172 174 188 201 228 236 255 297 335 353 364 368 377 386 436 451 476 492
39 44 84 91 117 147 149 211 301 310 315 341 377 381 385 422 470
40 47 69 101 127 193 254 262 268 270 287 305 329 336 347 354 385 390 398 433 441 466 476
41 65 72 84 88 115 137 139 151 170 180 197 233 237 238 282 308 310 319 348 373 382 389 433 436 441 462 485
42 76 102 108 111 126 138 193 202 251 268 275 285 321 328 345 374 402 403 418 447 465 468
43 47 62 82 101 106 135 147 157 216 226 242 267 294 301 307 337 395 419
44 52 56 97 110 118 125 149 160 176 196 230 235 260 265 266 268 274 288 291 306 345 367 393 395 410 411 441
45 99 112 186 193 201 213 224 239 280 288 310 335 339 363 413 428 468 474 499
46 86 98 136 138 150 156 162 168 190 213 235 237 259 276 281 286 345 360 364 373 382 402 433 443 445 478 492
47 55 57 128 165 188 201 239 240 246 257 281 315 326 329 348 370 387 436 437 446 450 458 488 492
48 76 89 118 137 184 192 248 268 284 349 365 393 440 442 453 488
49 57 69 87 99 141 159 211 225 301 319 320 388 415 418 461 468 497
50 75 101 121 154 155 170 177 184 199 218 266 269 286 301 317 321 341 346 358 361 404 426 429 434 448 481
51 85 117 119 127 133 141 167 241 245 290 309 337 342 379 387 404 482
52 65 66 114 203 217 221 241 249 286 304 321 332 418 420 429 465 466 478 482 485
53 96 107 117 120 167 172 194 209 231 243 275 278 289 302 323 330 331 341 358 388 392 443 451 452 457
54 75 128 150 165 175 179 181 262 283 316 332 347 430 477
55 86 120 153 156 172 212 220 227 230 250 337 342 344 373 458 483 497 498
56 73 105 109 114 133 166 176 177 203 237 250 273 291 297 312 317 355 373 374 383 391 396 472 486 496
57 80 91 117 137 149 154 158 171 182 184 191 207 228 237 239 249 350 355 364 366 370 407 428 478 482
58 110 111 114 126 127 141 175 193 266 297 343 366 379 385 386 389 457 461 475
59 71 74 94 119 125 131 147 192 213 224 229 255 269 296 334 353 368 369 376 385 421 433 455 478 479 495
60 100 113 167 186 203 234 292 294 324 333 349 355 356 380 431 448 452 458 498
61 62 83 105 122 141 147 170 172 197 220 275 286 292 300 312 346 352 380 414 420 421 440 441 449 497
62 70 74 100 123 149 196 200 213 244 246 287 289 328 336 359 370 378 392 393 410 414 422 448 457 458
63 67 83 169 188 200 207 216 224 239 247 252 277 325 345 347 377 463 495
64 113 126 150 168 170 185 210 228 287 319 345 349 363 374 379 454 460
65 71 145 150 160 164 196 227 261 280 290 344 355 364 372 403 423 434 446
66 83 84 124 130 150 156 178 251 326 339 341 391 411 426 437 456 464 498
67 87 88 91 95 124 137 140 153 171 177 189 191 233 250 275 276 288 292 310 471 481
68 73 98 121 135 143 148 165 186 246 295 303 323 350 361 370 406 439 461 474 476 493 495
69 72 74 78 91 99 119 161 166 172 201 219 224 228 232 239 240 243 252 260 265 271 284 333 339 364 385 414 436 460 485
70 83 108 115 139 165 183 216 226 229 238 266 278 308 320 322 336 348 355 358 379 387 389 397 411 439 463 486 490
71 73 81 83 84 86 94 106 107 111 151 182 239 268 286 305 306 317 331 338 365 394 401 423 483
72 88 131 143 163 184 201 203 216 227 276 278 304 310 326 366 394 418 428 429 441 488
73 86 94 102 108 137 140 145 157 189 200 215 245 294 298 320 322 337 364 417 427 429 457 468 484 485
74 78 79 83 91 140 162 180 206 366 367 408 415 424 428 448
75 122 126 144 146 219 222 225 237 245 299 317 327 343 363 398 401 417 442 447 460
76 78 98 109 112 120 157 163 185 230 338 380 404 426 431 455 461
77 93 152 159 194 218 220 231 288 306 345 346 352 356 386 388 412 432 439 451 468
78 92 95 101 112 154 250 260 270 276 323 375 380 382 384 427 432 475 482 483 486 490 492
79 91 109 154 157 193 206 212 235 253 263 268 329 349 350 376 385 391 415 417 452 453
80 112 129 133 157 163 166 192 193 235 237 265 270 272 287 330 343 353 375 378 390 423 451 455
81 98 109 136 141 165 173 195 208 221 222 226 237 245 254 270 311 313 343 349 396 405 406 416 420 422 424 451 452 465 473
82 94 99 117 120 143 159 172 176 231 265 271 284 299 319 342 348 368 429 434 437 438 499
83 92 126 128 136 195 200 264 284 297 300 304 365 380 384 422 433 443 456 457 488 490 494
84 91 97 112 198 216 235 239 300 317 318 321 379 395 398 418 424 435 493 499
85 128 152 168 214 229 251 278 281 300 301 305 320 329 345 374 379 382 399 404 414 427 438 453 465 473 498
86 99 110 122 124 132 153 160 188 192 209 224 233 235 251 271 310 321 362 366 397 398 419 422 423 454 465 469 478
87 126 136 144 145 180 188 195 224 246 268 272 273 337 359 377 383 399 440 446 448 472 476 493
88 102 105 124 166 178 198 203 209 216 233 247 254 296 303 341 347 354 358 404 426 428 439 462 466 481 496 499
89 100 118 121 123 154 176 193 215 306 310 336 347 360 379 387 413
90 123 137 148 172 197 204 218 232 250 285 290 353 374 375 381 395 471 483 494
91 107 119 148 151 194 210 256 260 261 291 298 344 347 349 356 370 380 445 464 473 486 493
92 122 128 129 144 154 157 165 178 188 193 241 243 245 288 291 294 331 344 364 390 400 444 447 454
93 153 154 188 205 218 248 254 283 292 307 329 363 372 373 380 403 405 414 422 475 490
94 130 144 149 153 156 164 178 182 191 196 273 293 301 303 325 392 434 438 499
95 107 116 162 168 186 207 211 218 234 242 247 269 270 271 278 291 308 317 357 403 413 432 437 461 468 499
96 103 132 160 161 188 210 211 281 310 321 334 377 384 389 414 424 439 462 475 483 491
97 99 110 119 136 147 177 180 198 247 249 263 266 275 316 319 327 347 367 384 387 398 408 420 432 435 448 452 462 494
98 101 123 129 148 197 204 216 236 263 275 280 309 333 370 382 406 426 430 471 473 474 481 488
99 122 135 151 197 205 223 234 262 302 309 340 365 391 394 406 418 423 433 458 472 475 498
100 102 140 141 142 176 181 195 205 261 263 311 362 368 401 415 440 441 442 453 454 481 493
101 129 134 138 145 175 202 242 252 277 310 350 356 357 362 363 373 385 443 444 465
102 106 144 153 162 175 176 182 225 258 304 320 326 360 377 404 428 435 451 483 497
103 128 129 157 161 172 218 229 233 278 296 299 310 321 324 335 343 365 377 401 404 417 426 434 463 467 471 478
104 145 150 166 190 201 249 288 290 302 306 338 348 373 412 435 467 484
105 118 119 139 220 250 286 290 292 367 377 381 405 420 451 474 493
106 111 133 152 171 186 203 257 266 267 271 330 333 347 350 371 373 374 378 391 418 428
107 124 139 157 201 261 273 302 307 329 332 345 354 377 390 405 435 467 478
108 114 119 183 200 228 232 244 263 283 299 330 343 345 366 391 416 457
109 156 159 176 183 194 210 227 228 237 247 259 355 389 400 404 407 421 432
110 111 137 151 165 176 183 191 201 225 244 246 258 259 331 349 374 386 416 422 472
111 114 149 153 166 190 236 253 270 292 298 326 329 354 356 357 376 469
112 116 192 193 238 254 260 267 279 280 351 374 427 432 466 473
113 123 131 178 187 194 199 226 235 261 267 276 285 292 306 327 338 353 355 373 381 388 422 447 474 493 494 498
114 116 142 163 230 233 277 295 322 337 345 361 386 406 412 462 472
115 117 132 138 202 206 212 227 228 236 243 261 348 360 373 407 419 438 468 470 472
116 183 191 205 237 260 262 277 279 284 305 312 315 331 364 383 446
117 122 176 190 231 241 245 268 278 312 345 381 432 433 462 493 496
118 126 147 166 167 173 188 210 211 271 272 356 390 391 399 405 417 419 449 459 469 475
119 131 133 149 165 175 191 222 227 269 290 344 349 451 458 472
120 136 157 197 242 251 279 285 294 316 361 380 383 413 419 422 427 434
121 123 129 134 138 154 210 217 234 244 263 279 325 326 341 367 380 411
122 171 188 191 199 200 217 224 227 228 261 299 300 316 337 356 415 424 427 437 443 449 452 458 464 480 493
123 165 192 236 262 264 273 383 388 392 398 426 431 472
124 132 144 152 154 157 172 204 219 227 249 254 365 377 394 417 438 457 471 486 491 497
125 131 133 161 170 198 241 243 277 291 315 324 329 341 400 416 459 467
126 147 152 174 189 215 220 223 233 243 256 266 277 279 288 306 307 321 328 380 411 421 473 480 483
127 204 211 223 239 252 301 313 328 362 380 391 399 400 466
128 133 145 146 158 183 218 232 256 268 282 311 321 334 337 346 360 363 364 376 400 409 429 458 462 487 490
129 188 196 211 227 249 265 310 321 327 339 350 376 380 440 442 448 453 473 492
130 199 218 224 238 262 271 300 328 341 352 408 441 449 458 486 494
131 134 142 146 206 237 250 273 311 335 365 426 441 466
132 138 206 241 260 261 268 276 338 350 378 388 433 451 495
133 138 151 182 199 202 216 259 274 333 347 352 364 420 454 461 476
134 151 155 173 190 232 243 251 255 266 294 297 303 322 352 386 388 408 409 429 447 466 469 480 481
135 140 142 192 196 200 212 248 266 297 300 304 310 325 329 332 383 386 436 449 454 455 466 472 492
136 147 157 158 163 184 221 226 240 255 265 281 289 298 308 330 341 360 399 412 415 428 434 437 447 448 468 493 494
137 153 170 259 264 275 300 309 380 383 389 403 421 428 433 444 470 478 479
138 167 184 185 243 277 285 314 315 321 331 332 359 395 403 463 467 479 497
139 149 151 160 168 172 179 201 226 275 331 333 334 338 371 397 431 481
140 166 200 206 218 246 272 282 289 293 333 350 354 360 424 461 483 491 498 499
141 149 158 162 163 164 231 262 277 308 330 333 338 382 383 396 398 471
142 166 176 187 194 240 256 274 318 333 352 354 361 431 465 490
143 160 180 196 220 224 237 278 292 306 310 322 324 352 375 390 399 421 427 465
144 162 222 272 280 289 303 314 380 388 406 421 456 489 492
145 216 243 261 278 295 338 347 366 400 412 418 432 459 468
146 159 177 209 212 232 244 273 298 318 329 388 416 419 425 453 454 483
147 156 158 164 165 175 197 224 246 294 331 375 386 411 430 437
148 173 199 209 215 219 228 276 287 291 348 362 367 375 379 395 398 403 435 474 483 498
149 153 157 159 179 180 182 197 224 229 231 262 266 268 282 330 349 358 359 383 435 441 462
150 151 163 174 183 211 221 240 246 251 265 296 303 306 336 341 343 352 432 463 475 495
151 178 241 254 267 290 291 303 325 362 370 375 388 394 397 401 403 414 433 435 447 459 468
152 183 220 246 288 304 327 331 369 372 373 416 436 456 464
153 187 254 269 301 310 350 353 354 369 381 387 388 390 399 402 405 429
154 163 171 177 223 255 257 301 324 340 349 370 397 398 403 414 431 486 494
155 156 166 179 193 208 211 215 216 248 251 255 256 283 285 304 308 315 353 366 398 401 476 498
156 173 194 230 238 245 342 354 393 402 413 431 483
157 188 297 308 310 327 346 360 379 392 416 428 466 471 496
158 161 185 189 196 198 207 232 234 237 258 290 298 300 307 336 368 381 443 455 462 496
159 166 257 264 328 332 365 383 451 460 466 491 493
160 188 191 223 234 236 244 262 279 295 300 315 377 434 441 453 463
161 180 201 204 228 275 300 312 314 351 363 376 384 389 448
162 229 240 250 255 294 304 316 325 355 363 388 404 413 414 421 437 479 496
163 188 219 229 272 285 313 337 344 364 400 410 427 430 437 442 443 444 457 469 491 496
164 168 189 230 235 268 329 333 338 362 363 393 418 428 459 474 490
165 173 202 213 222 228 235 244 259 281 293 328 341 347 350 383 385 398 406 408 409 416 421 446 451 461 475 477 482
166 187 200 202 204 245 298 329 330 333 403 405 422 453 478 486
167 179 217 219 224 246 295 304 344 358 373 450 462 472 476 482 483 489
168 196 215 239 250 259 356 371 374 408 431 432 485
169 177 180 203 218 224 226 239 245 261 293 308 336 346 355 363 419 459
170 173 177 198 215 246 264 267 272 281 283 337 339 377 385 398 422 431 457 498
171 195 232 247 285 320 380 394 404 417 424 443 447 478 492
172 220 239 252 257 260 266 291 375 376 380 398 416 429 432 441 451 464 467
173 196 205 214 232 254 262 266 271 279 355 361 368 379 399 412 452 484
174 198 208 212 268 288 291 298 334 434 443 476 488
175 183 243 244 255 257 268 274 292 296 324 333 337 341 402 407 429 430 474
176 275 279 299 307 308 346 350 366 367 384 435 447 448 456 459
177 215 242 252 295 331 350 376 404 428 452 464
178 187 236 252 316 394 423 426 443 444 475 488
179 217 246 250 255 338 341 348 415 417 430 434 444 447 453
180 184 202 212 221 228 257 262 264 265 281 284 341 343 350 411 426 444 496
181 195 212 215 220 236 242 264 272 297 341 361 380 412 433 490
182 205 275 285 305 308 329 345 347 357 363 367 373 379 394 399 425 433 438
183 218 260 265 301 314 329 387 390 427 458
184 202 207 234 235 251 274 281 285 294 295 309 327 390 400 462 469 471 481
185 221 253 267 295 312 326 392 425 443 451 480
186 188 197 199 217 260 266 268 303 312 335 338 341 346 377 391 402 426 440 446
187 195 205 209 228 242 243 253 266 278 348 358 371 388 389 412 418 452 457
188 204 273 289 304 332 340 351 405 410 435 456 457 477
189 225 293 300 312 350 351 371 380 405 413 433 438 441 464 479
190 205 220 228 260 264 285 311 339 365 370 381 400 452 454 466
191 192 195 213 250 281 302 337 353 359 380 390 431 475 488
192 197 251 264 302 306 318 326 327 346 372 397 407 454 461
193 211 223 289 290 302 351 402 403 407 410 420 429 465
194 219 247 310 319 352 391 395 396 418 430 468 474 487
195 235 236 289 304 333 334 353 380 397 405 456 471 479 498
196 198 226 237 277 302 323 349 357 376 377 410 441 475
197 236 299 313 458 460 478 486 487
198 214 223 229 240 247 288 302 332 347 414 416 418 444
199 215 224 239 290 342 354 385 416 419 443 451 455 484 493
200 262 275 278 286 297 312 342 352 393 473 498
201 209 255 258 261 270 282 292 306 309 358 394 401 404 405 412 462
202 217 238 239 251 288 297 334 367 384 391 422 432 456 464 477 478 480
203 206 247 268 285 302 314 335 338 345 350 364 400 424 482 490
204 213 216 226 242 264 309 314 315 327 355 388 399 417 418 449 455 458 499
205 277 288 350 363 365 396 404 417 421 434 461 462 484 497
206 231 239 240 269 284 300 339 345 421 449 457 464 468 471 482 493
207 262 277 286 296 314 417 421
208 211 213 219 224 303 305 319 336 354 355 380 404 405 425 486
209 253 293 319 336 347 381 435 439 448 457 459 476 487 496
210 221 242 252 270 279 302 318 327 342 371 373 378 428 435 436 442 481
211 214 225 228 240 251 275 279 334 337 350 355 360 361 373 382 393 455 465 476 486
212 218 239 241 244 247 306 311 313 314 334 342 354 391 398 405 413
213 215 229 231 242 292 297 303 326 390 400 406 414 431 445 449 469 491
214 228 250 315 319 321 332 333 352 377 385 387 388 395 440 448 451 469
215 220 226 355 370 451 479
216 223 255 286 314 333 401 418 432 455 491
217 261 270 282 290 291 296 373 392 411 413 416 430 453 470 476 484 489 490 492
218 252 259 262 319 356 428 446
219 228 236 268 314 329 352 362 383 389 414 473 483
220 251 259 260 263 282 309 333 369 389 411 423 431 446 488
221 228 230 236 304 330 347 357 358 367 400 421 431 466 483 486 497
222 223 225 246 264 273 294 308 350 367 378 380 386 398 437 486 488
223 225 235 267 335 336 341 364 372 385 418 441 466 467 468 479 496
224 290 295 330 338 350 382 407 433 497
225 232 250 258 264 265 284 290 298 335 350 384 389 429 432 439 454 484 486 493 497
226 241 300 302 320 326 337 340 368 395 420 494
227 230 251 254 258 273 293 298 315 379 382 396 397 401 410 420 429 435 463 472 495
228 269 319 323 338 362 379 382 422 445 477 491
229 259 266 285 289 295 354 412 486
230 238 267 270 298 300 301 315 327 383 450 474 482 497
231 274 343 347 386 388 391 413 429 431 434 473 497
232 244 246 249 294 304 335 336 367 410 426 436
233 281 298 300 304 338 339 352 360 395 416 417 460
234 235 270 274 279 286 299 306 309 343 384 391 402 430 465 479
235 250 263 269 293 308 328 338 343 366 371 375 399 472 488
236 244 251 252 282 288 313 317 322 347 356 421 464
237 274 304 308 440 467 486 494
238 239 247 253 261 285 307 363 388 389 392 404 413 464 495 499
239 248 260 281 288 303 339 381 433 469 478 491
240 245 260 266 267 319 360 377 388 396 414 416 442 499
241 243 266 306 351 370 442 461 472 478
242 262 263 281 308 313 327 383 384 390 463 465 481 483 489
243 256 263 325 326 328 342 375 383 388 415 417 434 476 486
244 252 268 305 313 322 328 330 331 343 384 386 406 409 447 448 450
245 249 262 264 320 334 359 360 395 453 460 483 497
246 266 277 284 287 298 312 317 322 334 388 419 446
247 284 285 326 335 356 386 397 426
248 251 262 308 323 365 393 422 430 467 469 475
249 255 291 305 320 335 337 352 353 374 378 396 410 432 453 462 473 476
250 256 257 274 275 324 333 347 374 401 404 454 464 482 484 488 495 497
251 265 301 331 356 362 375 383 396 470 476 494
252 264 268 275 300 360 414 429 445 454 474 487 488 490 491 495
253 264 283 284 309 336 376 448 461 484
254 271 279 313 323 372 416 438 455 468 498
255 270 305 315 345 352 354 362 409 438
256 308 326 380 388 405 408 471 475 490
257 287 307 313 315 357 388 389 418 483
258 262 291 304 324 333 350 351 490 494
259 267 305 344 388 389 392 414 422 449 450 463 464 478 482 488
260 261 304 318 344 397 415 448 452 467 481
261 374 384 393 397 455 461 468 471 473 498
262 264 266 268 296 324 327 330 331 333 334 353 368 375 389 395 413 424 459 468 474 484 485
263 276 284 316 347 371 375 390 392 403 429 457 468 474 480 489
264 276 300 305 314 333 370 383 407 408 434 446 451 460 468 490 491 493 497
265 342 357 358 418 440 462 466 481
266 273 274 279 297 301 367 382 401 477
267 272 310 328 357 367 375 380 384 410 428 430 472 481
268 279 291 405 419 458 477 478 495
269 282 285 304 309 314 339 346 356 375 397 400 434 438 442 446 450
270 272 302 308 309 329 330 336 399 408 421 425 430
271 293 315 335 356 384 388 399 400 404 418 426 433 462 497
272 273 293 339 375 377 380 401 431 454 488 498 499
273 277 295 297 306 313 316 371 429 439 477
274 305 307 335 340 351 360 408 420 430 456 467
275 284 294 320 326 344 345 346 349 364 373 385 390 404 451
276 279 299 324 356 404 435
277 288 289 305 312 325 357 372 375 386 410 411 456 467 489
278 313 329 342 350 373 379 382 418 423 433 434 446 449
279 281 287 288 304 342 352 377 378 379 408 421 435 453 454 465 471
280 312 355 365 370 408 426 479
281 283 292 337 351 373 375 398 415 438 472 480
282 296 298 299 300 351 361 380 386 390 425 442 458 459 465 473 496 497
283 377 403 423 444 448 458 460 479
284 308 318 320 331 376 390 488 494
285 315 334 340 371 476 481 484 487 499
286 322 379 391 409 429 454 460 497
287 295 337 354 355 384 390 391 393 413 414 423 424 426 429 440
288 293 294 303 331 337 371 396 397 417 428 442 463 468 478 484
289 312 320 336 379 382 403 433 437 454 471 497
290 298 312 340 375 409 425 436 457 465 466 482 488 489
291 295 305 324 325 328 398 438 483
292 305 322 326 331 351 357 369 376 388 417 478 489
293 338 340 341 373 374 382 405 422 487 496
294 327 343 354 375 404 408 417 435 440 453 475 488
295 307 315 321 327 404 430 470 473 485
296 298 302 310 325 328 370 379 394 405 420 435 454 455 478
297 376 383 391 392 412 493
298 303 360 383 386 394 400 407 420 432 476
299 321 338 364 398 402 447 458 469 472
300 304 322 355 389 413 451 465
301 313 326 357 365 397 407 411 412 450 498
302 331 340 411 419
303 317 318 358 359 370 375 398 431 453 461 470 491
304 332 384 386 469 477
305 317 349 377 383 406 427 460 463
306 328 341 343 396 401
307 329 332 341 375 407 410 421 445 467 469 481 491 498
308 342 343 369 380 384 411 414 427 434 461 467 493
309 319 322 326 341 352 376 393 395 399 400 405 420 432 455 467 470 481 489
310 314 324 346 388 396 401 434 435 445 471 472
311 319 344 345 367 371 387 389 390 391 408 425 440 450 460 497 499
312 329 331 335 342 348 351 354 395 398 433 451 464 478
313 337 361 396 457 465 468 472 475
314 364 405 410 411 428 441 480 499
315 320 322 348 377 378 382 403 423 480 481 499
316 335 336 356 374 461 490 495
317 322 339 349 359 376 383 389 411 414 415 467 469 488
318 330 357 376 379 398 455 457 461 463 467 490
319 321 322 345 395 455 486 493 494
320 323 325 352 387 400 438 453 484
321 324 335 348 354 379 436 439 450 465 474 480 489 493 495
322 341 363 371 388 413 432 433 449 476 483 486 492 499
323 326 355 365 419 439 441 455 457 473 488 492
324 331 377 393 407 411 415 454 482 483
325 379 384 391 412 424 428 467 480 489
326 338 341 348 405 428 439 458 491
327 342 365 379 383 414 421 428 432 435
328 348 357 407 424 434 435 472 474 493
329 332 349 375 389 406 413 481 484
330 346 354 358 392 396 406 410 444 445 446 488 494
331 365 380 389 410 428 476 477
332 340 347 363 372 374 392 395 427 429 472 476 478
333 346 375 390 416 434 435 454 467 478 494
334 367 368 391 403 434 443 470
335 344 357 363 368 371 385 398 402 419 432 442 449 458 472 488 493
336 341 354 359 395 401 460 461 488 489
337 356 372 399 400 427 474 493
338 343 355 381 386 394 465 480 498
339 354 413 414 429 449 465 469 493
340 377 380 456 489 498
341 352 387 405 409 435 443 478
342 361 380 384 389 391 396 399 425 440 466 472 491
343 350 371 380 392 406 411 421 428 451 462 477 495
344 363 425 434 461 465 498
345 347 361 363 367 389 420 422 433 438 469 495
346 392 454 461 474 483 490
347 353 354 400 424 448 485 491 496
348 359 366 373 396 401 404 412 425 430 431 447
349 398 420 429 437 460 473
350 363 380 398 413 417 435 466 491 495
351 359 395 420 434 436 448 459 463 491 493
352 356 369 394 412 436 443 445 448 450 477 493
353 371 381 393 401 418 435
354 363 368 386 422 484
355 411 448 452 462 481
356 358 416 423 429 457 468 470 489
357 359 386 399 443 452 473 485
358 361 397 428 471 474 479
359 374 381 387 407 421 466 469 477 490
360 390 401 426 447 457 459 475 486 487 488 496
361 397 442 457 461 481 490 493 494
362 448 456 461 481 482
363 394 425 442 447
364 368 381 429 481 494 497
365 372 412 419 434 442 450 451
366 395 396 490
367 371 382 403 445 457 469 496
368 372 373 381 398 402 414 418 426 427 431 440 482 495
369 375 377 388 410 487
370 435 493
371 375 424 425 438 445 452 465 473 479
372 377 392 416 419 441 443 461 475
373 400 403 409 415 424 487
374 383 388 401 417 444 464 483 485
375 387 401 437 470 486 497
376 377 382 386 393 396 405 422 478 486
377 397 410 428 487
378 379 401 424 458
379 382 407 422 429 447 476 489
380 386 423 451 464 488 495
381 384 421 442 446 453 465
382 399 407 409 427 472 480 490
383 398 419 429 435 454 472 486 487 494 496
384 399 438 440 490
385 391 401 470
386 388 413 417 435 437 464 480 483
387 399 442 460 487
388 414 437 483 487
389 405 407 410 431 454 455 460 476 482 490
390 400 456 459 472 499
391 417 429 437 448 455 484
392 393 408 409 480 485 488 490
393 400 401 427 442 480 496
394 416 422 427 432 455 456 487
395 406 432 469 476 485 495
396 407 412 424 448
397 415 418 440 451 454 464 495
398 443 461
399 448
400 428 439 465 498
401 435 453 491
402 416 421 455 456
403 475
404 430
405 411
406 431 432 438 443 447 450 486 498
407 418 424 427 430 449 451 465 469 480 497
408 443 446 487 488 492
409 414 422 434 454 459 460
410 417 421 452 472 479
411 486
412 432 492 494
413 441 459
414 420 427 447 450 463 496
415 416 426 434 449 456 468
416 446 450 469 481 487
417 436 474 499
418 460 485 493 499
419 462 463 488
420 432 458 463 465 480 488 489
421 427 432 482
422 439 458 464
423 426 445 460 462 464 484 487
424 435 448 473 477
425 436
426 453 470 480 487 488
427 443 470 488 491
428 438 439 470 471 487
429 451 456 457 463 476 496 499
430 486 489 497
431 433 435 475 487 496
432 449 463 466 471 490
433 447 451 465 466 482
434 446 465 477 496
435 443 458 476 495
436 455 481 492
437 439 447
438
439 440 459 493
440 446 452 492
441 443 474 497
442 446 463 475
443 447 487
444 453 484 488
445 453 476
446 471
447 463 471 497
448 481 490
449 453 457
450 459 469 489
451 454 463 466 475
452
453 486
454
455 464 473
456 465 474 491 492
457 459 462 481 497
458 497 499
459 476 495 499
460 482 489 499
461 476
462 466 493
463
464 489 494
465
466 469
467 469 485 496
468
469 473
470 488 491 496
471 487
472 488
473 476 482 493
474
475
476 499
477 488
478 490 494 499
479 482
480 496
481
482
483
484 486 488 490 494 498
485 487
486
487
488 495 497
489 490
490
491
492
493 495
494
495 499
496
497
498
499
