#data.py
# GMT Mon Oct 10 11:03:33 2022
# 
0 14 93 131 133 163 173 175 195 197 199 214 244 247
1 41 43 56 59 71 108 122 128 140 145 186 229
2 13 21 22 53 69 110 130 149 154 183 185 188 191 216 243
3 31 69 108 113 115 144 159 172 186 198 201 210 218 223
4 25 44 75 112 118 120 132 144 161 165 174 177 187 190 209 218 245
5 72 86 116 127 139 193 207 230
6 16 24 48 56 88 102 155 176 184 193 209 215 231
7 10 34 51 127 139 141 160 173 177 191 227 230 235
8 27 31 45 54 61 109 141 207 214 215 231 240
9 49 107 181 224
10 30 67 83 91 122 129 139 141 179 249
11 18 36 47 68 71 97 123 140 167 224 227 231 243 248
12 48 78 104 117 187 194 211 237 245
13 37 45 49 56 77 81 95 121 136 224
14 37 40 45 70 127 143 165 208 224
15 23 29 32 60 80 91 130 199 211
16 70 87 88 128 157 164 167 186 205 210 228 242
17 40 59 121 127 155 161 165 182 193 195 209 210 215
18 22 57 66 67 85 120 130 133 188 191 194 195 209
19 30 45 74 150 159 178 246
20 37 61 66 143 249
21 30 93 101 118 149 172 200
22 190 192 198 209 227 239
23 100 125 182 233 239
24 28 45 51 95 96 141 152 159 172 173 177 197 209 216 238
25 45 50 57 82 85 99 105 114 125 135 141 143 153 160 167 176 194 206 213 215
26 52 70 85 98 125 143 154 162 190 208 209 227
27 132 150 186 192 193 201 205 210 241
28 44 55 83 105 108 124 145 149 172 178 210 214 229
29 45 61 66 68 133 145 156 158 190 211 225 241
30 40 72 75 84 109 116 117 161 213
31 83 106 135 184 187 213 244
32 37 81 105 132 156 178 199 224
33 92 117 131 154 160 182 188 193 198 214 221 231 237 245
34 53 111 128 130 145 152 162 170 240
35 51 80 81 85 103 122 140 145 161
36 56 91 120 176 184 187 212 219 222 233
37 41 52 118 161 188 226
38 53 89 125 171 185 187 193 198 203 226 233 244
39 61 72 80 112 134 170 213 224 227
40 61 86 108 137 150 159 160 194 230
41 92 96 99 135 157 175 202 207 235
42 86 91 99 107 126 128 146 177 199 201 202 211 246
43 44 49 76 77 94 96 100 108 126 128 139 140 153 156 160 182 187 194 208 223 238
44 66 86 109 115 178 211 228
45 63 69 121 142 143 237 242
46 57 64 65 79 80 95 136 140 141 147 170 179 180 181 182 191 198 235 246
47 63 78 79 81 116 167 186 192 222 238
48 81 139 140 164 179 207 229
49 52 65 80 108 111 131 208 228 239
50 73 81 119 120 133 140 193 206 222 236 246
51 55 80 111 114 149 163 208 226 242
52 79 105 120 130 146 157 160 164 170 177 181 183 211 248
53 75 76 96 123 148 191 192 198 215 218 229
54 55 61 79 122 144 154 174 175 187 189 194 236
55 73 83 88 93 97 108 114 150 155 159 172
56 68 78 100 109 154 180 206 215 234 249
57 73 98 103 110 138 181 234
58 81 84 122 137 147 152 180 241
59 65 67 125 127 152 156 168 177 184 194 207 213 243 249
60 67 70 73 77 134 148 185
61 63 107 115 134 144 167 184 187 191 213 232 249
62 64 72 74 87 160 166 181 184 218 221
63 82 122 126 130 164 232 236
64 86 93 94 129 134 145 165 176 181 190
65 86 89 92 129 133 158 162 167 212 218 230 242
66 73 86 114 117 119 158 160 210 230 232
67 70 114 140 148 166 194 199 201 234
68 77 90 117 123 129 154 174 193 197 200 213 227 234 244 248
69 98 116 117 130 144 152 156 161 168 174 186 188 248 249
70 116 118 145 203 245 249
71 82 85 87 111 118 143 145 152 213 218
72 119 189
73 76 82 102 134 184 215
74 90 101 102 129 142 154 161 163
75 80 137 141 162 172 231 232 234 242
76 109 113 141 203 217
77 93 113 115 117 118 122 147 186 187
78 104 109 135 204 214 228
79 95 106 143 144 166 167 204 206 208 218 233 238
80 84 122 156 177
81 84 89 92 113 122 130 154 172 235
82 105 110 133 138 141 144 169 247
83 105 145 158 161 171 206 221 248
84 95 152 166 230 238 249
85 90 95 142 148 184 215 231 232 245
86 98 108 129 152 173 175 196 220 232 245
87 91 108 120 131 142 155 176 186 196 230
88 94 95 101 102 128 155 189 200 247
89 92 94 115 157 159 168 171 177 224
90 96 187 200 243 249
91 138 192 195 198 205
92 120 126 128 143 148 165 180 194 236 241
93 97 119 129 176 188 212 219 222
94 128 179 193 204 213 230
95 109 112 160 173 197 211 222 226 234
96 102 113 140 147 154 210 241 243 246 248
97 114 123 169 189 204 212 217 248
98 120 162 191 195 199 218 220
99 109 146 150 159 173 175 193 203 205 238 247
100 102 103 146 167 210
101 103 156 175 187 206 222
102 129 139 143 148 153 164 202 227
103 171 208
104 112 117 144 146 171 189 226 247
105 140 146 147 149 155 168 172 183 200 205 218 240
106 110 114 119 204 224
107 114 126 132 148 168 175 232
108 136 203 206 220
109 128 164 168 185 240 248
110 117 135 139 147 225 238
111 124 149 197
112 177 209 236
113 118 133 145 173 179 188 225
114 205 237
115 160 178 198 209 226 228 241
116 123 128 165 204 224 233
117 159 167 220 221
118 125 127 129 194
119 120 152 188 247
120 134 139 140 146 148 181 216 233
121 140 177 180 188 227
122 147 163 181 186 190 205 231
123 128 129 145 213 239
124 180 203 239 242 243
125 132 164 192 212 218 219 227
126 205 206 220 248
127 155 157 159 222 225 242 244
128 159 167 181 222 232 241 246
129
130 194 199 201 202 226 236
131 154 179 186 213 215 240
132 136 168 180 194 210 241
133 170 174 190 195 223 227 229 237 249
134 152 160 167 208
135 180 194 219 239
136 165 170 178 184 244
137 141 150 163 169 176 209 213 232 237
138 139 154 176 180 189 202 207
139 143 152 185 217 219 234 237
140 162 164 166 173 230
141 146 150 151
142 184 200 203
143 145 164 174 220 226 230 245
144 152 153 164 173 227 228
145 153 159 166 175 177 184 197 211 219 223 234
146 148 155 163 177 187 190
147 164 181 204 210 243
148 178 201 230
149 171 202 217 224
150 158 162 185 217
151 161 168 183 197 206
152 160 165 188 193 201 207 240
153 173 195 211 236 244
154 165 219 232 236 243
155 159 182 201 210 217 244 246
156 175 186 188 210 221 242 249
157 229
158 171 181 191 195 220 223 226
159 160 181 189 196 249
160
161 172 190
162 181 220 233 246 249
163 166 174 193 215 222 234
164 177 203 239
165 175 179 181 208 218 231
166 191 194 197 199 228 231 235 245 248
167 168 174 184 209 210 214 228
168 172 178 181 207 214
169 175 186 216 222 241 246
170 186 194 198 215
171 176 181 197 221 231
172 175 223 228 241 248
173 182 210 227
174 183 202 238
175 192 203 216
176 214
177 194 197 200 210 219 223 227 248 249
178 205 225
179 187 210 225 231
180 248
181 218 224 226 238
182 185 218 227 234 239
183 206 209 212
184 193 197 211 240
185 191 200 207 215
186 222
187 192 237
188 193 195
189 221 232 248
190 241 249
191 217 219
192 196 198 213 215 232 235 237 239
193 215 240
194 219
195 214 216 246
196 213
197 225
198 199 218 242 245 247
199 228 245
200 201 208 209 210 212 231 237
201 231 235
202 235 239
203 222
204 248
205 210 211 216
206 219 226
207 218 235
208
209 223 228
210 227
211
212 220 223 224
213
214 226
215 218 247
216
217 219 247
218 241
219
220 226 227 233
221 226
222 246
223 226 233 239 241 246
224 233
225 228
226
227 237
228 237
229
230
231 244
232 249
233
234
235 238
236
237 239 248
238 248
239
240
241
242
243
244
245
246
247
248
249
