#data.py
# GMT Mon Oct 10 11:03:33 2022
# 
0 2 3 6 7 16 18 26 37 38 91 99 108 110 115 127 138 146 147 153 155 189 204 205 229 248 256 260 274 318 334 349 355 365 391 394 395 417 424 443 445 485 486
1 2 3 4 5 11 15 23 28 48 52 71 97 105 141 152 161 212 242 278 285 314 321 339 388 395 436 457 478
2 4 5 7 8 10 13 14 19 26 27 29 35 46 50 66 68 85 102 113 137 145 146 157 219 224 228 255 268 282 283 314 336 354 373 456
3 108 172 376 478 480
4 6 8 9 10 17 20 21 24 34 36 38 55 60 72 76 78 87 89 92 118 159 194 249 257 262 286 290 307 323 344 356 379 427 444 470 484
5 11 23 28 29 33 147 219 271 422
6
7 16 18 19 33 35 44 106 138 168 187 196 227 239 240 289 488
8 9 12 13 14 36 42 53 57 61 70 81 95 114 119 122 150 166 170 217 300 360 367 450
9 12 24 34 47 49 53 59 69 75 92 116 135 136 160 179 182 184 197 202 205 218 233 243 350 369 378 434
10 21 27 30 50 60 76 94 96 102 113 121 133 150 215 299 307 322 340 386 425 481 490 495 499
11 15 43 56 90 177 212 275 308 317 343 353 402 479
12 22 31 47 49 51 58 107 122 158 237 261 303 352 369 431
13 20 25 39 42 131 426
14 22 46 74 188 373
15 43 45 56 69 148 200 321
16 17 32 40 101 112 123 128 130 139 142 143 230 231 237 238 258 264 270 316 368 392 404 411 412 423 454 496
17 32 41 57 72 120 128 161 192 201 211 253 263 267 330 409 416 467 471 472 487
18 25 37 48 51 84 93 99 159 295 329 345 359 374 389 393 437 443 446 459
19 240 265 294 351
20 286
21 30 63 89 129 241 348
22 31 423
23 52 81 83
24 109 117 126 140 151 199 408
25 39 319
26 85 100 170 206 347 419
27 45 96 157 255 431
28 154 242 269 466
29 44
30 215 495
31
32 40 41 65 67 73 80 88 104 124 131 143 164 183 211 223 225 238 246 251 252 342 357 420 432
33 106 149 455
34 442
35 74 75 79 111 149 191 236 245 421
36 54 163
37 145 260 306 345 355 365 404 462
38 118 123 178 309 333 341
39 319
40 55 67 73 77 86 104 284 366 385 389 492
41 65 80 82 125 254 430 464
42 63 112 300
43 353 479
44 54 64 91 313
45
46 71 259 278 325
47 59 101 132 243 405
48 295
49 58 62 64 70 95 135 160 465
50 66 68 176 287 299 364 461
51 84 374 459 489
52 90 97 103 186 302
53 179 378
54 163 222 382
55 107 257 341
56 78 148 190 271 275 318 396 435
57 61 198 201 253 272 350 457 487
58 62
59
60 203 381
61
62 465
63 475
64 110 126 213 315 438 498
65 156 251 497
66 98 181 336
67 77 366 492
68 287
69 93
70 360
71 105 285 293 454
72 109 266
73 88 111 132 182 185 195 326 414 458
74 79 98 169 427
75
76 338
77 86 137 244 284 297 385 481
78 435
79 87 94 207 279
80 82 124 125 164 177 194 250 296 329 418 430
81 83 116 166 216 400
82 250 382
83
84
85 100 162 173 324
86
87 399 489
88 246 288 468
89 241 249 313 384
90 120 210 302 370 422
91 127 204 477
92 136 434
93
94 121
95 114
96 296 316
97 103 141 208 234
98 152 181 332
99 115 155 184 281 352
100 162 190 206 207 256 268 347
101 130 171 176
102 340 386
103 208 226 234
104 476
105 339
106 335
107 239 488
108 376 426 463
109 117 134
110 267
111
112 185 418
113 484
114
115
116
117 133 134 199 220 362
118 119 178 203 223 262 416
119
120 210 301
121
122
123 264 292 309 346 412
124 225
125 172
126 129 140 198 213 315 320 408
127 153 154 229 232
128 192 209
129 310
130 139 142 144 165 171 188 193 221 392 433 448
131 193 342 344
132 493
133 220
134 158 180
135 303
136 197
137
138 189 394 486
139 144 165 167 174 415 482
140 151 289 361 375
141
142
143 168 230 367 410
144 174 221 331 381
145 169 231 280 282 298 325 328 359
146 224 228 276 354 393 428 485
147 274
148 312 403
149
150
151
152 175
153
154 156 232 390
155 186 334
156
157 348
158
159
160
161 263
162 173
163 175 222
164 183 214 387 410
165 167
166 216
167 191 415 458
168 451
169 180 280 337
170 419
171
172 273 310 320 377 480
173 187 245
174 331 439
175
176 461
177 281
178
179 200 202 235 371 440
180
181
182 195
183
184 218 273
185 214 322 413 455
186
187 196
188 433
189
190 272 291 297 306 317 356
191 236 421
192 209 217 298 358 409 473
193
194 244
195 326 351
196 227
197
198 335
199 259 456
200 235 290 312 440 447 469 483
201 330 397
202
203
204
205
206 247
207
208 372
209
210 370 432
211 277 380 407 483 491
212 308
213 383
214 387 413
215
216 226 400
217 450
218
219 283
220
221 233
222
223 363 451
224 358
225 252
226
227 279 429 460
228
229 248 304
230 258 311 371
231 333 363
232 390 462
233
234 332
235
236
237 247 261 496 497
238
239
240 265 494
241
242 254 269 305 441 464 466 475
243 377
244 438
245 444 449
246 288 357
247 448
248 304 398
249 379 384 490
250
251 276
252
253
254 327
255 301
256
257 362 401
258 311 368
259 420
260 293
261
262
263 266
264 292 346 406
265 294 399 494
266
267 380
268
269 270 305 441 449
270 453
271
272 277 291
273
274 424
275 396
276
277 407 491
278
279
280 337
281
282
283
284
285 414 469
286 447
287
288 468
289
290
291
292
293 472
294
295
296
297
298 324
299 364 429
300 452 470
301
302 327
303
304 398
305 338
306
307
308 323
309 493
310
311
312 403
313
314
315
316
317 343
318 349
319 328
320
321
322
323 499
324
325
326
327 361 383
328
329
330 397
331 439
332
333
334
335 388
336
337
338
339
340
341
342 452
343
344
345
346 406
347
348
349 474
350
351
352
353
354 428
355 437
356
357 402
358 473 476
359 372 405
360
361 375
362 401
363
364
365 391
366
367 453
368
369
370
371
372 417
373
374
375
376 463
377
378
379
380
381
382
383
384
385
386 425
387
388
389
390
391
392
393 446
394 445
395 436
396
397
398
399
400
401
402
403
404 411
405
406
407
408
409
410
411
412
413
414
415 482
416 467
417
418
419
420
421
422 442 477
423
424
425
426
427
428
429 460
430
431
432
433
434
435
436
437
438
439
440
441
442
443
444
445
446
447
448
449
450 498
451
452
453
454
455 474
456
457
458
459
460
461
462
463
464
465
466
467 471
468
469
470
471
472
473
474
475
476
477
478
479
480
481
482
483
484
485
486
487
488
489
490
491
492
493
494
495
496
497
498
499
