#data.py
# GMT Mon Oct 10 11:03:33 2022
# 
0 2 3 4 7 8 9 12 13 17 23 26 29 34 36 39 60 63 64 93
1 2 3 11 16 27 34 35 49 55 57 71 74 76 91 94
2 5 7 10 11 16 18 21 22 38 41 44 48 55 60 61 65 69 70 80 82
3 4 5 6 8 9 12 14 15 19 24 27 28 30 31 32 35 37 40 43 47 53 64 99
4 6 14 17 68 99
5 18 51 69 82
6 53
7 10 13 33 36 63 74
8 24 25 30 46 62 81 88 98
9 15 19 26 28 29 32 40 42 52 58 65 66 72 80 86 87
10 21 54 70 81
11 44 49 50 56
12 23 39
13 77 83 85
14
15 52 59
16 71 76 92
17 78
18 20 22 31 33 51 67 75 95 96
19 20 72 87
20 85
21 54 79
22 43 48
23
24 25 37 45 62 68 73
25 45 78 90
26
27 94
28 42 84
29 86 97
30 46
31 67
32 47 58
33
34 50
35 89
36
37 38 73 97
38 41
39
40
41
42 84
43
44 56 61 75 77
45 90
46 93 95
47
48
49 79
50
51
52 59 89
53
54
55
56 57
57 91 96
58 66
59
60 83
61
62
63
64
65
66
67
68
69
70
71 92
72
73
74
75
76
77
78
79
80
81 88 98
82
83
84
85
86
87
88
89
90
91
92
93
94
95
96
97
98
99
