#data.py
# GMT Mon Oct 10 11:03:33 2022
# 
27 50 59
50 72
15 30 36
30 45
62 81 99
81 72
26 94 11
94 66
59 73
73 29
64 87 99
87 83
99
46 84 56
84 23
7 65 0
65 6
79 90 85
90 55
25 98 24
98 89
8 66 78
66
0 31
19 75 4
75 17
83 71
69 97 39
97 67
41 44 34
44 29
16 33 91
33 52
23 53
43 71 56
71
35 76 60
76 61
85 63
1 92 55
92 3
9 42 13
42 21
5 53 36
53
14 74 70
74 12
28 82 10
82 2
60 58
3 80
39 96
72
45 21
68 93 20
93 38
63 88
88 51
96 52
17 10
56
51 70
70
21
67 12
10
6 32
24 80
80
52
2 40
40 57
58 89
38 54
54 13
4 95
95 32
18 57 47
57
34 22
12
36
29
55
61 78
89
47 86
86 77
37 48 49
48 91
77 20
78
22 49
31 11
11
32
91
13
20
49
