#data.py
# GMT Mon Oct 10 11:03:33 2022
# 
39 378 260
378 127
113 273 178
273 442
211 341 42
341 464
24 362 196
362 320
174 288 234
288 392
74 448 244
448 177
25 443 269
443 106
291 315 249
315 359
148 406 12
406 185
45 268 90
268 222
53 281 445
281 470
393 466 408
466 163
414 498 187
498 125
254 289 161
289 256
87 377 331
377 324
186 410 179
410 424
125 275
64 411 31
411 79
193 305 82
305 357
67 175 235
175 493
204 409 430
409 81
85 470 7
470
81 329
329 287
199 312 170
312 480
101 167 313
167 439
369 485 115
485 56
22 32 349
32 170
330 423 152
423 137
47 205 28
205 275
276 452 396
452 133
154 426 215
426 302
12 333
333 462
17 210 370
210 176
357 6
33 136 213
136 298
223 278 257
278 277
38 489 201
489 60
72 127 149
127
465 467 454
467 266
0 233 146
233 349
5 311 425
311 18
49 107 449
107 460
46 358 432
358 440
388 494 419
494 88
166 292 137
292 318
135 286 457
286 226
348 430 200
430
6 321
321 66
124 313 446
313
156 345 35
345 344
157 310 120
310 479
7 402
402 264
76 245 487
245 61
9 192 176
192 454
88 259
453 488 169
488 19
308 497 294
497 229
385 442 191
442
295 387 398
387 451
197 391 126
391 491
92 473 420
473 34
44 158 390
158 173
221 367 130
367 457
115 447
447 79
19 155
274 458 181
458 368
418 481 162
481 231
240 456 151
456 483
360 372 123
372 90
189 243 236
243 242
323 472 496
472 169
130 258
264 413
413 230
159 495 283
495 428
40 147 334
147 4
103 334 422
334
111 436 267
436 93
319 483 252
483
487 424
23 332 384
332 108
382 441 142
441 3
66 395
42 301
296 356 343
356 203
395 478
478 352
28 214
62 198 379
198 224
493 141
480 84
379 381
381 108
460 464
464
302 490
306 405 361
405 13
59 394 285
394 336
58 340 482
340 139
20 48 408
48 178
90
11 326 132
326 438
225 435 55
435 290
129 229 407
229
234 282
282 145
120 269
269
10 128 78
128 70
116 146 50
146
54 171 139
171 162
105 155 220
155
349
55 297
297 427
317 392 132
392
151 350
350 375
170
396 164
96 209 143
209 61
94 99 201
99 265
163 217
217 299
173 401
401 304
183 195 21
195 190
83 355 75
355 228
4 300
300 242
89 249 43
249
133 185
185
57 226 247
226
228 122
266 184
63 224 431
224
190 328
328 397
102 206 351
206 451
359 153
37 104 476
104 119
390 461
68 320 194
320
417 474 16
474 440
70 290
138 421 27
421 363
255 439 191
439
117 227 476
227 43
293 294 143
294
194 438
351 412
412 164
432 261
422 463
463 134
235 490
231 477
477 386
126 284
284 365
56 34
52 344 403
344
50 182
182 73
95 342 316
342 77
325 404 109
404 36
35 267
338 459 98
459 241
271 280 150
280 428
71 353 218
353 121
16 177
427 335
36 152
476
318 486
486 51
184 368
218 253
352 416
201
419 416
299 462
98 354
247 327
327 250
60 482
482
160 429 144
429 8
440
424
191
203 220
220
275
303 343 78
343
265 307
307 431
109 337
3 316
316
267
137
21 468
468 279
132
69 279 29
279
314 455 93
455 118
213 230
258 322
322 30
256 361
361
250 373
188 492 248
492 252
309 373 84
373
399 437 366
437 364
51 270
178
27 346
112 371 374
371 331
2 499 238
499 232
84
161 30
30
287 479
479
215 114
449 202
462
366 259
457
65 142 238
142
368
253 172
260 31
80 121 119
121
263 270 251
270
490
144 73
140 446 100
446
214 232
34
108
219 339 375
339 165
164
364 376
149 433
363 469
469 257
207 212 181
212 86
257
438
118 134
134
304 445
143
13 383
383 354
100 131
131 374
97 196 461
196
31
376 380
380 208
242
461
200 15
150 365
365
180 491 415
491
454
259
169
75 145
145
91 400 251
400 26
82 471
354
232
177
93
41 444 239
444 14
251
86 168
168 236
239 261
261
398 434
434 110
165 14
331
26 484
283 475
252
370 475
475
43
431
176
290
78
403 1
244 335
335
262 496 153
496
14
1 222
222
416
61
181
285 450
415 450
450
216 277 384
277
122 471
471
346 246
162
238
425 237
79
272 397 298
397
29 172
172
428
484 141
451
208 241
241
114 433
236
77 123
152
408
230
384
202 110
237 248
73
336 389
141
433
15 347
420 8
179 18
389 386
187 106
375
106
374
119
248
386
337 347
246 324
324
301 407
347
153
110
8
18
445
123
139
407
298
