#data.py
# GMT Mon Oct 10 11:03:33 2022
# 
0 2 3 4 5 9 11 12 17 19 20 25 28 30 42 44 46 49 56 64 65 70 73 74 76 79 81 85 103 111 119 127 128 130 135 140 141 142 143 145 165 167 180 182 185 190 200 202 203 205 218 220 226 228 239 242 243
1 2
2 3 5 6 8 9 18 19 22 26 33 35 39 41 45 51 52 53 60 68 80 89 99 108 115 119 125 142 149 159 172 223
3 4 6 7 10 13 14 16 55 98 140 144 197
4 11 14 17 20 21 23 25 27 29 32 34 36 50 57 69 83 90 92 94 95 110 117 122 150 175 189 200 213 241
5 7 8 10 12 18 22 38 44 59 61 62 63 87 101 118 124 125 151 157 186 215 223 227 241 247
6 16 37 67 136 150
7 54 107 114 240
8 61 63 76 151
9 30 68 74 97 105 120 172
10
11 13 15 32 47 48 56 62 64 72 83 93 111 179 192 195 216 217
12
13 15 31 33 43 46 113 126 139 155 173 222 230 232
14 40
15
16 55 136 138
17 23 24 28 37 117 129 134 185
18
19 36 42 52 53 54 60 91 105 106 146 156 163 226
20 21 90 103 110
21 31 154 229
22 26 69 75 94 112
23 24 27 198
24 71 102 116 134 168 183
25 73 114 121 132 139 176 191
26 35 40 43 58 75 84 160 188 191 201 206
27 29 34 45 221
28 50 65 82 158 162 164 178 193 199
29
30 81 129 224
31 41 58 98 177
32 47 72 93 104 148 153 189 210 214 238
33 113 135 184
34 209
35 39 59 66 92 181 188 195 211
36 38 80 138
37 48 96
38
39 57 67 71 147 234
40 249
41 99 149 177 194
42 49 128 201 236
43 219 231
44 70 87 161
45 51 85 147 170 221 246 249
46 126
47 163 210
48 96
49 160 171 236
50 82 91 152 162 164 213
51 180
52 97 100 152
53 89 115
54 146
55
56 130 133 233
57
58
59 66 77 212
60 204
61 216
62
63
64 107 169 192 217 219
65 79 86 88 123 131 145 169 182 187 207
66 77 78 84 155 211 237 244
67 234
68
69 95 101
70
71 102 154 168
72 104 179
73 121 132 240
74 109 165
75
76 166 190 196 202
77 78 212
78 237
79 86 88
80
81 224
82 158
83
84
85 127
86
87 118
88 131
89 196 197
90
91 106
92
93 153 233
94 112 181 245
95 204
96
97 100 120 137 167
98 116 227
99 108
100
101 124 247
102
103 161 239
104 148
105
106 109 156
107
108
109
110 123
111 141 174
112 245
113
114
115
116
117 122 215
118 186 205
119
120 137 170 206
121
122 166
123
124
125
126
127
128 143 228
129
130 133
131 157
132 176
133
134 183 193
135 203
136 184
137
138
139
140 144 220 248
141 242
142
143
144
145 187 207 230
146 174
147
148
149 194 222
150
151 175
152
153 214 238
154 159
155 173 178
156 209 231 235
157
158
159
160 171 208 225
161
162
163
164
165
166
167
168
169
170 229
171 208 218
172
173 232
174
175
176
177
178 199
179 198
180
181
182
183
184
185
186
187
188
189
190
191
192
193
194
195
196
197
198
199
200
201
202
203
204
205
206
207
208 225 246
209
210
211
212
213
214
215
216 243
217
218
219
220 235 248
221
222
223
224
225
226
227
228
229
230
231
232
233
234
235
236
237 244
238
239
240
241
242
243
244
245
246
247
248
249
