#data.py
# GMT Mon Oct 10 11:03:33 2022
# 
0 6
1 36 54 70 81 83 91 94 96
2 4 10 19 20 29 51 54 60 70
3 48 49 56 84 86
4 41 48 65
5 35 37 49 69 81
6 40 66
7 55 78
8 9 17 30 55 63 72
9 45 88
10 14 51 99
11 30 31 55
12 22 26 32 38 89
13 65 72 96
14 34 63 87 93 97
15 36 95
16 22 56 81 88
17 28 30 33
18 30 59 83 96 97
19 50 63
20
21 22 23 37 38 54 91 98
22 39 43 90 97
23 68 93
24 34 51 85 86
25 41 77
26 30 54 57 75
27 30 67 82 85 98
28 37 44 59 98
29 49 54 80
30 33 36 42 64
31 84
32 78 89 91 98
33 36 45 63 66
34 35 43 49 63 76
35 37 40 53 58
36 71 82
37 57 76 81
38 47 51 62 98
39 59 69 83 84 87 89
40
41 43 58 62 65 77
42 50 53 58 86 93 94
43 51 66 75
44 58 89 97
45 60 96
46 54 55 57 65
47 60 86 98
48 65
49 50 55 68 87
50 54 97
51 91
52 64 82 95
53 63
54 58 73 75
55 58 59 62 75 92
56 58 62 73 86 93
57 71 74 81 93
58 91
59 60 69 77 96
60 74 75 77
61 87
62 91
63 92
64 89 91
65
66 69 95
67 72 91 94
68
69 74 79 94
70 79 80 88 97
71 81 89 98
72 99
73 86
74 92
75 82 86
76
77 79 91 94
78 84
79 96
80 90
81 93 99
82
83
84
85 86
86 99
87
88
89 98
90
91
92 98
93
94
95
96
97
98
99
