#data.py
# GMT Mon Oct 10 11:03:33 2022
# 
4 229 127
229 174
6 137 200
137 41
27 105 79
105 43
33 36 124
36 29
16 84 125
84 213
97 136 29
136 231
96 104 1
104 149
133 187 129
187 57
196 225 188
225 227
80 193 161
193 184
188 47
35 170 132
170 194
89 205 110
205 145
5 10 199
10 217
17 131 132
131 141
71 166 246
166 162
70 201 235
201 190
44 246 152
246
231 158
198 249 100
249 139
168 208 245
208 192
49 117 52
117 220
76 134 128
134 72
11 197 159
197 66
60 147 221
147 28
112 130 159
130 247
66 56
3 40 51
40 239
72 185
185 173
86 129 155
129
212 235 116
235
69 186 219
186 21
41 115
115 22
135 204 199
204 148
220 143
101 181 209
181 20
114 175 164
175 157
57 118
143 207
37 163 14
163 59
161 139
38 73 108
73 210
31 122 19
122 102
32 151 63
151 125
209 211
211 83
111 240 160
240 106
55 180 183
180 241
144 237 63
237 214
62 140 146
140 102
50 120 85
120 93
30 233 178
233 74
178 22
29
82 106 127
106
142 157 215
157
0 192 156
192
160 77
126 206 7
206 247
9 149 245
149
87 169 98
169 56
139
7 243
243 141
141
124 172
172 150
184 194
194
152 138
98 107
107 13
93 34
81 219 77
219
39 94 24
94 68
54 92 46
92 61
46 23
118 109
199
14 189
77
18 53 119
53 138
239 2
83 155
155
21 116
116
78 232 121
232 244
95 248 64
248 25
195 216 167
216 75
158 58
218 236 165
236 177
200 174
244 224
19 164
164
165 221
43 48
48 61
173 228
190 65
245
2 215
52 28
148 228
79 226
58 42
26 242 234
242 45
113 128 171
128
119 191
88 202 15
202 238
51 182
56
108 223
223 182
1 203
100 121
121
146 222
210 103
159
91 191 224
191
64 207
207
132
182
145 162
162
226 189
42 241
241
247
61
167 12
221
34 59
59
110 179
179 15
25 90
90 74
47 230
230 156
45 171
154 213 8
213
28
224
174
24 109
123 234 103
234
177 214
214
85 67
150 217
138
171
20 75
22
102
228
127
156
67 176
63
13 68
68
227 238
238
74
203 99
8 222
183 99
222
99
65 153
153 23
217
75
15
103
109
23
215
189
125
12 176
176
