#data.py
# GMT Mon Oct 10 11:03:33 2022
# 
0 2 3 4 5 7 8 9 11 12 14 18 21 28 34 39 46 47 49 57 81 88 91 92 93 105 107 113 119 120 122 138 139 148 149 155 158 160 163 171 174 176 184 192 197 206 219 221 222 234 251 255 263 269 271 282 297 302 305 310 323 335 337 346 348 355 361 367 377 382 394 402 412 415 421 422 424 436 441 442 456 459 473 479 490 491 496 503 511 528 538 542 543 553 556 574 582 594 600 603 606 612 617 626 655 667 679 688 690 699 733 749 752 773 802 806 821 843 846 850 865 870 905 909 910 915 930 936 942 953 982
1 2 5 6 10 13 15 45 56 64 69 86 135 165 167 176 243 250 265 349 352 387 407 439 454 485 549 588 630 729 761 873 888 902 966
2 3 4 8 9 17 19 20 25 31 33 36 37 45 50 77 80 102 121 143 179 181 185 203 253 376 411 434 490 499 506 513 516 578 602 636 702 723 755 759 779 785 835 865 884 929
3 7 10 11 12 16 17 23 24 32 35 38 41 43 54 58 71 73 123 126 158 173 232 250 274 279 287 294 318 338 345 358 371 395 417 423 429 432 457 471 536 540 547 726 770 890 912 928 937 945
4 105 181 277 312 323 578
5 6 21 29 68 76 113 155 190 206 252 273 378 394 450 521 532 596 825 834 898 917
6 14 26 29 30 42 52 56 61 141 165 202 221 392 615 669 693 731 743 822 919
7 33 39 41 66 67 87 217 264 318 486 537 753
8 28 46 58 107 115 193 204 280 460 707 709 958
9 13 18 19 22 34 44 51 114 118 128 135 137 225 269 291 372 465 477 497 510 698 746 835 851 867 905
10 16 55 63 78 117 220 243 261 352 390 416 455 505 512 609 634 683 726 840 921 956 960 966 975 996
11 27 30 73 123 232 282 436 778 819
12
13 38 118 167 278 291 311 317 398 407 567 641
14 15 24 40 59 112 154 182 199 218 316 334 447 546 589 590 830 994
15 182 265 435
16 43 63 71 72 90 96 140 159 161 416 426 475 719 862 900 935 965 996
17 25 40 89 116 185 230 234 249 324 340 345 374 449 493 653 714 774 857 910 937 993
18 20 22 51 57 95 114 117 134 188 237 242 244 293 350 361 375 412 441 492 597 613 621 631 645 831 895 920
19 31 35 53 60 106 129 147 168 207 211 241 268 284 287 344 348 362 378 458 478 515 520 557 646 647 658 663 697 780 786 826 849 853 854
20 920
21 23 62 68 151 388 390 473 592 735
22 44 54 119 129 134 142 227 350 443 491 574 681 948
23 356 417 968
24 26 74 79 83 89 97 194 199 262 285 400 432 464 626 632 651 681 702 784 991
25 55 77 150 151 157 172 324 424 427 545 616 643 645 728 779 804 827 860 866 946
26 27 74 79 82 83 101 285 454 620 689 724 848 919
27 620 803
28 115 148 213 218 229 298 320 331 382 447 528 573 576 580 988
29 61 76 110 154 275 427 638 954
30 32 42 86 100 109 130 166 228 254 272 307 328 405 509 648 699 792
31 37 53 81 84 94 124 125 126 132 136 253 266 446 492 665 797 938
32 36 48 99 173 180 228 235 236 272 376 405 431 459 461 481 487 523 524 643 677 766 891 906 938
33 66 75 80 88 98 133 136 145 259 325 369 468 484 486 565 666 680 710 844 911 939
34 47 65 183 276 360 451 472
35 106 262 826
36 48 50 99 153 171 186 189 208 226 313 321 433 445 475 739 762 796 839 877 895 896
37 85 124 152 179 210 448 569 622 628
38 90 195 480 494 533 587 775
39 52 137 251 375 450 642
40 116 230 249 552 558 637
41 130 700 834 918
42 49 70 85 144 166
43 180
44 142 146 201 851 922
45 64 75 91 121 152 223 233 256 453 540 555 629 763
46 193 776
47 65 111 238 360 479 855
48 141 321 329 485 563 618 892
49 70 163 212 239 332 389
50 59 78 103 153 156 178 203 207 224 226 385 575 585 608 755 811 896 924 950 969 998
51 95 131 867
52 97 131 304 306 410 455 456 460 483 539 592 593 664 691 717 740 760 793
53 60 84
54
55 67 94 150 172 205 274 351 495 662 713 770
56 69 349 392 611 731 833 943 944
57 284 313 399 414 577 617 673 801
58 204 279 305 406 471 551 730 856
59 112 162 215 341 357 385 396 874 932
60 147
61 62 110 140 354 420 636 687 711 734 903 990
62 342 356 498
63 96 572
64 223 729 959
65 100 101 111 183 191 238 281 640 672
66 87 133 175 192 247 259 264 299 369 408 649 675 712 911 922 973
67 495 591 662 708 752
68 388 553
69 270 624 788
70 763
71 72 177 326 719 886
72 177 214
73
74
75 397 439 658 781 797
76 127 161 241 258 273
77 827
78 92 103 108 156 462
79 82 175 659
80 379 411 415 908
81 132 446 802 933
82 689
83 102 194 209 300 440 502 769 807 852 931
84 196 386 413 467
85 108 144 304 381 409 428 593 659
86 205 254 257 295 712 780 813
87
88 98 104 145 160 197 200 267 286 335 403 685 717 844 858
89 449 466 508 736
90 146 159 195 298 564 570 591 775 935 965
91 93 120 122 138 164 198 256 290 365 401 537 562 566 581
92
93 437 507 787 794
94 109 245 705
95 336
96 572
97
98 104 200 211 237 706 838 866 868
99 208 431 804 887
100 640
101 266 347 465
102 188 328 391 476 800
103 125 178 255 316 764 995
104 343 403 418 737 767 838 858 964
105 277 312
106
107 280 606 980
108 398 462 913 992
109 127 245 246 519 584
110
111 191 470 629 722
112 162 283 380 463 874
113 408 532 991
114 242
115 278 437
116
117 220 244 956
118 128 225 916
119 339 747
120 290 534 562 953 978
121 143 233 554
122 164
123 429 561 977
124
125
126 319 409 893
127 240
128 322 444 694
129 521
130 700
131 306 668
132 317
133 319 762
134 366 383 631
135 169 288 315 682 746
136 878 939
137 372 428 609
138 139 149 198 650 695 909
139 469 650
140 354 531 879
141 619 743
142 227
143 347 546 972
144 470
145 481
146 201 501
147 168 263 359 381 438 488 519 647 784 849
148 213 271 320 330 333 419 556 721
149
150
151 157 286 545
152 169 170 187 216 270 453 610 635
153 190 951 969
154 275 281 638 954
155 202 295 898
156
157 497 751 861
158 186 216 231 338 986
159 217 542 961
160 184 196 222 248 300 370 489 525 599 630 815
161 209 214 252 311 363
162 283
163 212 389 418 458 594 766 973
164 240 309 327 547 783 899
165 665
166
167
168 359 883
169 170 301 303 586
170 187 301 341 384 610 686 720
171 174 189 296 923 982
172
173
174 219
175
176
177 326 623
178 764
179 513 723 836
180 236 814 985
181
182 399 818
183 379
184 308 489
185 210 434 605 768 837
186
187 294 652
188
189 215 433 693 891
190 951
191
192 247 511 675 761
193
194 297 651 747
195 480 494 533 587 590 769
196 344 413 744
197 267 337
198 452 573 663
199
200 685
201
202 288 368 615 798 961
203 224 353 393 607 703 823 950
204 581 709 856 859
205 257 351
206 260 366
207 478
208 387 877
209 363 672 912
210 448 527 605 901
211 706
212 239 292 332 704 828
213 964
214 967
215 260 268 676 692 695
216 231 800
217 559 671
218 334 500
219 367
220 512 627 654 842 929
221 402
222 248 599 614 674 805
223
224 353 823
225 342 648 916 934
226 229 482 575
227 314
228 235 502
229 482 564 571 757 824 882 983
230 946
231
232 315
233 554
234 293 340
235 420
236
237 506 847
238 346 404 841
239 292 364 549 787 875
240 309 555 974
241 258 660 720
242 296
243 768
244
245 246 625
246
247 299
248 308 370 373 435 525 614 880
249 539 552 796
250
251 383 410
252 639
253 261 307 516 544
254
255
256 310 514 535 566 661 678 696 799
257
258
259 325 548 649
260 276 289 501 754 805
261 570 803
262 339 569 970
263
264
265
266
267
268 303 789 829 880 983
269 302 404 773
270 887
271 526
272 452 487 523 882 886
273
274
275 386 730 974
276 289 451 644
277 329 657
278 586 596
279 551
280 314 322 425 633 670 955 962
281 493 621
282
283
284 577 913
285 400
286
287 358
288 336 368 798
289
290 365 401 534 756 997
291 567 738
292 828
293 474
294 364 371 397 499 652
295
296 457 923
297 477 543 979
298 812
299 941
300 440
301 384 871 957
302 612
303 829
304 740
305 331 421 430 550 728
306 668 691
307
308 373 522 757 894
309 327 343 890
310 355 535 538
311
312 595
313 414
314 633 782 962
315
316 541
317 468 742 967
318
319
320 330 721
321
322 425 444
323 642 716 899 947 987
324 531
325 548 666
326 637
327
328 391 509 541 583 814
329 618 852
330 333 765 791
331 550
332
333 419 707 765 791 873
334 500 589 604 994
335 930
336 357 530 824
337
338 423
339 520 970
340 992
341
342
343 611
344 744 782 786 832 985
345 653 945
346
347
348 496 515 529 656 904 927
349 833 943
350 443
351
352 683 701 715 902
353 393 579 703
354 881 957
355
356 498 750
357 530 749 914
358 395
359 374 445 474 560 883 925
360 472 518
361 362 377 684 872
362 684
363
364
365
366
367 422
368
369
370 677 815 847
371
372 507 510
373
374 582 759 839
375 641 927
376 380 813 906
377 872 955
378
379
380 463 601 809
381
382 442 503 557 604
383
384 686
385 396 608 725 777 811
386 464 820
387 588 948
388 806
389
390 921
391 476 544 976
392 625 758
393 863 990
394
395 406 674 984
396
397
398
399
400 632
401 756
402 915
403 776 817
404 841 940 942
405
406
407 622
408
409 893
410 595 664
411 908
412
413 878
414 673
415 607
416 426 671 986
417
418 767
419 598 732
420 711
421 430
422
423 536 788 952
424 438
425
426 467
427 517 860
428 748
429
430
431 778
432
433 576
434 602 737
435
436 505 623 733 816
437
438 488
439
440
441
442
443
444 694
445
446 933
447 857
448 522 527 727 901
449 466 484 701 736 932
450 624
451
452 461
453
454
455 801 840
456
457
458 646 926
459 603 613
460 483 504 885
461
462
463 601 682 739 795
464
465
466 469 508 514 634 718
467
468 742
469
470
471
472 518 679
473
474 560 889 925
475 959
476
477
478
479
480 559 568
481 753
482 571 810
483 504 584 616
484 680
485 563 892
486 565 710 862
487 524
488 864
489 807
490 688
491
492 526
493 735
494
495 760
496 529 790 904
497 751
498 750
499
500
501
502 619 716
503 971
504 885
505
506
507 558
508 718
509 783
510
511 598
512 627 654 771
513 660 789 836
514 678
515 517
516
517 580
518
519
520 697 808 853
521
522 894 940
523
524 830
525
526
527
528
529 656 790
530 914
531 819 879 888
532
533 846
534
535 698
536
537
538 655 863
539
540
541 583
542 745 997
543 777 812 821
544 944 976
545
546
547 561
548
549 875
550 900
551
552
553
554 600 949
555
556
557
558
559 568
560 889 999
561 585
562 748 772 978
563
564
565 705
566 661
567
568 818
569 644
570
571 785
572
573
574 579 741
575 795
576 988
577
578
579
580
581 859
582
583
584
585 738 754
586
587
588
589 714
590
591 864
592
593 687
594 597 876
595 741
596 639 820 825
597 876
598 732 855
599
600 949
601 809
602
603 690
604
605 837
606
607
608
609
610 635
611 845
612
613
614
615
616
617
618
619
620 669 958
621
622 628
623 657 977
624
625 758
626
627 771 842 869 963
628
629
630
631
632
633 670
634 975
635 667
636 734
637
638 692 907
639
640
641
642 725 917
643
644
645 676
646
647
648
649
650
651
652 831
653 774
654 868
655
656
657
658 781
659
660
661 696 799
662 708 727 968
663
664
665 745
666
667
668
669
670
671
672
673
674 722 984
675
676
677
678
679
680
681
682
683
684
685
686 845
687 903
688
689 848
690
691
692 907
693
694 713 854
695
696
697 808
698
699 792
700
701 704 715
702
703
704
705 995
706 724
707
708
709
710
711
712
713
714
715
716 793 810 972
717
718
719
720
721
722
723
724 861
725
726
727
728
729
730
731 822
732
733 816
734
735
736
737
738
739
740
741
742
743
744
745
746
747
748 772
749
750
751
752
753
754
755
756
757
758
759
760 979
761
762
763
764
765
766
767
768
769 931
770
771
772 843
773
774 993
775
776 817
777
778
779 884
780
781
782
783
784
785
786
787 794
788
789
790
791 971
792
793
794 832 871 897
795
796
797
798
799
800
801
802 850
803 926
804
805
806
807 924
808
809
810
811
812
813
814
815
816
817
818
819
820
821
822 981
823
824
825
826
827 941
828
829
830
831
832 897
833
834 918
835
836
837
838
839
840
841
842 869
843
844
845
846
847
848
849
850 870 981
851
852
853
854
855 881
856
857
858
859
860
861
862
863 963
864
865
866
867
868
869
870
871
872
873
874
875
876
877
878
879
880
881
882
883
884
885
886
887
888
889 999
890
891
892 928
893
894
895
896
897
898
899 947 987
900
901
902
903
904
905 936
906
907
908
909
910
911
912
913
914
915
916 934
917
918
919
920
921
922
923
924
925
926
927
928
929
930
931 952 989
932
933
934
935
936
937
938
939
940 980
941
942
943
944
945
946
947
948
949
950
951
952 989
953
954
955
956 960
957
958
959
960
961
962
963
964
965
966
967
968
969 998
970
971
972
973
974
975
976
977
978
979
980
981
982
983
984
985
986
987
988
989
990
991
992
993
994
995
996
997
998
999
