#data.py
# GMT Mon Oct 10 11:03:33 2022
# 
251 634 175
634 900
664 943 105
943 51
756 788 932
788 587
128 981 46
981 184
798 803 995
803 828
16 511 358
511 70
111 254 38
254 746
124 184 916
184
234 819 838
819 117
712 870 413
870 949
136 158 795
158 553
303 424 281
424 215
592 963 104
963 541
836 887 633
887 189
479 668 928
668 544
117 137
358 808
237 982 814
982 248
99 374 230
374 596
248 950
120 168 102
168 908
197 262 805
262 546
178 258 902
258 310
431 438 861
438 565
342 775 564
775 530
6 313 759
313 149
143 727 914
727 753
122 515 503
515 353
688 765 142
765 325
676 809 557
809 144
75 300 478
300 239
441 915 193
915 144
388 998 96
998 293
579 867 491
867 545
224 490 730
490 195
161 452 888
452 68
230 42
173 835 909
835 265
350 904 110
904 713
293 693
596 848
104 695
193 404
404 439
782 808 929
808
10 975 497
975 843
44 550 139
550 572
284 559 17
559 939
56 286 806
286 897
172 717 259
717 187
294 334 806
334 242
18 250 859
250 7
7 655
24 330 619
330 723
686 956 38
956 390
40 445 381
445 456
682 815 748
815 558
209 641 648
641 533
118 355 848
355 535
231 561 31
561 252
522 881 572
881 839
443 826 478
826 921
287 987 523
987 396
476 585 148
585 520
295 433 564
433 962
929 589
503 849
849 577
177 706 312
706 824
581 805 626
805
94 937 537
937 799
792 988 837
988 926
8 763 67
763 977
179 990 458
990 398
537 606
32 464 816
464 380
557 891
290 341 263
341 885
280 822 594
822 222
672 779 863
779 687
145 359 961
359 497
421 541 927
541
26 896 854
896 283
684 753 899
753
238 834 475
834 245
176 621 345
621 845
354 609 665
609 972
324 855 140
855 973
795 154
216 675 699
675 640
164 875 121
875 480
103 389 746
389 912
9 471 456
471 399
42 92
144
689 724 898
724 673
195 938
261 435 314
435 540
353 518
518 964
93 451 69
451 910
146 970 685
970 321
329 408 246
408 500
845 119
27 762 817
762 950
119 813
927 273
393 429 876
429 366
57 632 412
632 879
232 484 493
484 639
600 651 14
651 53
22 247 310
247 871
493 109
900 839
553 365
506 705 721
705 240
217 877 831
877 106
288 492 718
492 738
208 401 314
401 87
340 938 750
938
43 77 196
77 646
100 697 302
697 781
140 504
504 151
151 847
88 741 316
741 165
50 876 785
876
82 679 166
679 590
392 725 996
725 567
54 846 508
846 252
183 740 20
740 428
15 509 116
509 41
1 574 766
574 698
466 543 928
543 955
48 268 711
268 66
914 162
825 890 584
890 485
502 874 370
874 336
180 860 685
860 448
950
38
848
647 731 512
731 395
130 194 409
194 449
397 794 123
794 755
356 667 534
667 505
233 853 114
853 133
814 227
87 906
906 150
396 422
440 517 462
517 182
34 909 297
909
51 215
222 276
276 339
700 742 159
742 994
593 616 226
616 467
91 131 554
131 654
207 571 412
571 901
567 812
755 905
72 346 380
346 979
414 739 992
739 272
162 694
673 101
864 957 556
957 528
171 752 66
752 817
204 273 690
273
694 926
20 186
863 405
614 940 749
940 743
570 577 626
577
357 631 55
631 607
948 965 47
965 175
2 394 716
394 320
71 512 683
512
823 952 328
952 221
137 884
884 149
63 279 978
279 842
366 413
148 615
615 942
732 922 447
922 624
321 703
214 569 757
569 147
114 720
720 0
220 500 19
500
423 661 474
661 523
135 285 958
285 983
223 407 182
407 23
110 516
308 622 934
622 869
79 381 510
381
299 384 903
384 769
399 573
657 995 886
995
604 611 241
611 89
681 733 778
733 773
573 605
605 446
338 748 463
748
629 793 791
793 153
156 582 936
582 436
456
758 925 101
925 188
108 551 97
551 721
90 893 155
893 226
721
363 670 343
670 969
139 913
129 750 270
750
696 977 513
977
458 728
521 954 347
954 960
58 726 671
726 489
101
291 510 325
510
709 934 481
934
141 989 309
989 777
263 457
457 242
713 83
446 560
560 766
839
565 481
735 919 337
919 908
322 628 402
628 612
583 821 127
821 858
109 160
730 170
683 917
917 923
142 199
601 964 365
964
385 427 878
427 14
297 729
729 549
406 608 714
608 659
734 837 958
837
529 944 190
944 369
983 599
17 525
272 910
910
448 879
879
266 323 275
323 501
327 818 578
818 539
486 991 453
991 784
256 547 95
547 722
106 947
905 897
188 5
499 799 767
799
535 501
113 364 856
364 980
301 802 820
802 225
477 542 555
542 352
67 644
644 594
373 552 807
552 599
958
820 311
525 546
546
154 630
630 951
315 318 883
318 469
398 495
152 202 623
202 5
671 891
149
418 843 127
843
412
260 894 627
894 979
704 791 586
791
33 623 370
623
228 444 810
444 253
186 985
816 320
767 343
225 21
14
678 918 736
918 68
73 924 410
924 851
0 841
239 852
597 710 811
710 25
69 801
801 902
328 656
235 595 191
595 432
589 953
953 828
98 617 531
617 169
30 562 620
562 858
292 986 538
986 277
49 850 85
850 192
425 603 737
603 259
432 889
889 942
246 470
470 174
610 774 150
774 344
426 437 488
437 189
939 587
590 61
841 812
469 645
645 205
316 973
97 331
926
450 650 274
650 999
78 769 660
769
107 576 304
576 649
25 861
861
749 496
249 489 757
489
309 519
973
507 784 878
784
722 947
947
474 607
607
83 473
869 606
639 387
465 787 701
787 206
693 487
532 548 892
548 472
283 462
591 783 852
783 780
847 768
416 602 253
602 680
564
240 677
19 319
319 317
888 711
453 660
660
878
817
960 962
150
12 527 832
527 39
192 494
494 264
807 935
305 789 200
789 780
264 662
662 335
718 974
369 123
259
472 640
296 969 243
969
434 692 907
692 282
271 378 770
378 857
594
46 278
278 959
654 361
976 993 880
993 52
475 800
800 13
852
812
928
165 538
430 923 959
923
203 377 708
377 201
413
376 961 105
961
306 371 663
371 868
737 882
59 598 400
598 744
89 646
221 669
669 23
698 211
121 213
714 913
245 379
379 205
206 790
314
255 945 895
945 35
170 842
985 326
625 865 289
865 367
243 776
907 556
347 241
112 627 455
627
599
76 533 409
533
236 531 568
531
21 200
86 345 544
345
659 771
417 701 831
701
842
336 873
189
55 351
169 201
895 811
382 999 29
999
138 886 125
886
780
677 505
586 658
658 39
4 666 540
666 307
868 655
908
442 483 723
483 74
554 11
74 764
227 966
212 862 656
862 400
125 411
872 899 447
899
856 65
646
36 883 482
883
403 420 563
420 163
831
61 638
638 933
776 949
127
540
516 971
971 80
652 743 885
743
175
310
744 274
556
558 936
857 387
495 777
777
331 613
806
265 580
580 317
536 796 436
796 185
339 840
64 410 37
410
754 866 771
866 133
962
253
157 229 372
229 584
422 649
649
575 751 555
751 772
736 539
335 790
566 931 827
931 375
348 690 362
690
936
213 920
920 487
708 935
588 955 41
955
810 804
897
270 545
606
386 838 674
838
892 854
275 45
455 391
37 312
312
761 873 415
873
967 978 618
978
719 745 912
745 844
459 526 367
526 362
545
624 70
966 764
215
728 85
191 946
242
307 29
933 715
942
349 830 383
830 467
633 827
827
702 707 45
707 332
199 691
211 134
163 514
166 383
612 642
642 460
390 797
5
851 760
45
241
411 520
514 28
488 190
549 337
482 508
778 496
147 402
372 637
648 257
653 786 84
786 498
528 773
773
400
640
289 747
747 31
84 563
626
102 530
530
304 674
674
415 491
96 218
218 759
462
47 832
832
226
498 185
538
699 785
785
951 613
351 871
871
994 716
68
298 715 636
715
685
619 770
770
766
402
115 468 267
468 901
174 932
932
352 797
491
375 132
902
35 844
844
53 636
687 829
205
587
449 578
578
584
746
613
854
274
85
828
972 428
13 62
62 159
655
182
513 635
635 134
337
317
979
66
333 524 519
524 620
160 187
187
691 695
252
116 898
31
196 997
921 941
941 485
436
181 813 360
813
29
555
637 81
723
155 52
485
913
572
508
52
797
544
380
568 60
519
523
703 81
387
81
772 302
198 968 167
968 859
858
463 132
383
126 454 946
454 282
92 680
501
185
539
133
882 219
332 833
833 980
534 880
804 738
365
620
903 643
201
980
80 840
277 344
344
996 60
636
916 643
959
764
395 992
992
768 930
949
41
840
663 28
656
439 368
3 244 210
244 930
487
680
190
159
269 461 911
461 326
370
935
326
695
898
282
891
132
911 997
946
447
391 65
930
912
473 618
618
302
496
153 257
419 665 281
665
105
360 368
368
757
70
65
11 974
974
760 219
467
123
885
811
28
95 829
829
362
167 984
738
997
267 405
23
563
781 460
478
219
361 984
984
790
859
320
497
480 210
325
771
257
367
880
409
428
281
405
520
759
134
60
901
39
505
210
311 824
643
200
711
824
343
716
460
481
